V 54
K 1
D 0 -254000 0 0
Y 1
U 1651000 762000 254000 0 2 3 REFDES=J?
U 1651000 508000 254000 0 2 3 DEVICE=76829-0102
U 1651000 254000 254000 0 2 0 PKG_TYPE=768290102
U 1651000 0 254000 0 2 0 Description=Headers & Wire Housings MegaFit Slim Vert Hdr Assy 2 Ckt Tin
U 1651000 -254000 254000 0 2 0 Datasheet Link=https://www.molex.com/pdm_docs/sd/768290102_sd.pdf
U 1651000 -508000 254000 0 2 0 Height=15.05
U 1651000 -762000 254000 0 2 0 Mouser Part Number=538-76829-0102
U 1651000 -1016000 254000 0 2 0 Mouser Price/Stock=https://www.mouser.co.uk/ProductDetail/Molex/76829-0102?qs=BZBei1rCqCD7zvLSI%252BZz7Q%3D%3D
U 1651000 -1270000 254000 0 2 0 Manufacturer_Name=Molex
U 1651000 -1524000 254000 0 2 0 Manufacturer_Part_Number=76829-0102
U 0 0 254000 0 1 0 FORWARD_PCB=1
l 5 508000 254000 1524000 254000 1524000 -508000 508000 -508000 508000 254000
|GRPHSTL -1 -1 -1 1
P 1 0 -254000 508000 -254000 0 2 0
L 584200 -254000 228600 0 2 0 1 0 1
A 355600 -203200 203200 0 9 3 #=1
A 0 0 9 0 3 0 PINTYPE=BI
P 2 0 0 508000 0 0 2 0
L 584200 0 228600 0 2 0 1 0 2
A 355600 50800 203200 0 9 3 #=2
A 0 0 9 0 3 0 PINTYPE=BI
E
